{
  "04_0014": {
    "R": [
      [
        -0.15719375243049416,
        -0.39332611423580643,
        0.905861298465158
      ],
      [
        -0.98725328493003,
        0.03943952334298684,
        -0.15419298101192297
      ],
      [
        0.024921388237530262,
        -0.9185527158844176,
        -0.3945121449964182
      ]
    ],
    "t": [
      -3.117778694746415,
      -1.9202853780187872,
      9.650305830578167
    ]
  },
  "05_0681": {
    "R": [
      [
        0.7943154221597511,
        0.6069160298661931,
        -0.026757107665720592
      ],
      [
        -0.1380944436663846,
        0.13749249016129295,
        -0.9808291083454439
      ],
      [
        -0.5916020070517412,
        0.7827826951592027,
        0.1930241368628456
      ]
    ],
    "t": [
      -0.5220618961183976,
      -0.4055536268002797,
      1.5326446589569362
    ]
  },
  "11_0184": {
    "R": [
      [
        -0.8076688435568317,
        0.575570353927459,
        0.12802268091002314
      ],
      [
        -0.13448002450988414,
        0.03158601116223314,
        -0.9904127659247333
      ],
      [
        -0.5740959520458153,
        -0.8171420265649534,
        0.051891678195353674
      ]
    ],
    "t": [
      -0.44238676193101384,
      -0.3690540028545567,
      1.3307598864656913
    ]
  },
  "04_0579": {
    "R": [
      [
        -0.17138809247939607,
        -0.9618050049825612,
        0.21344145367470085
      ],
      [
        0.1329095166739348,
        -0.23723865215399992,
        -0.9623164148561816
      ],
      [
        0.9761973069691265,
        -0.13656117425772557,
        0.16849291840186076
      ]
    ],
    "t": [
      -0.6546897137383481,
      -0.31495280895608635,
      2.432743669836445
    ]
  },
  "08_0421": {
    "R": [
      [
        -0.032832323319731516,
        -0.9692717150804144,
        -0.24379167518703504
      ],
      [
        -0.37842668685896713,
        0.2378183953388353,
        -0.894558915617863
      ],
      [
        0.925048799371349,
        0.0628868283787129,
        -0.37460641425113417
      ]
    ],
    "t": [
      -0.5774212261649084,
      -0.4266447595337547,
      1.5857212653259534
    ]
  },
  "01_0249": {
    "R": [
      [
        -0.312684864298312,
        -0.4729480509383762,
        0.8237404425863388
      ],
      [
        -0.2086495845236843,
        -0.8118446554654236,
        -0.5453197284807525
      ],
      [
        0.9266571785276583,
        -0.34238632640019195,
        0.15517112159593782
      ]
    ],
    "t": [
      -1.1388009686350786,
      -0.5958267989720788,
      2.949931354581105
    ]
  },
  "09_1165": {
    "R": [
      [
        0.19405197416091077,
        -0.97329026968295,
        0.12267796160983396
      ],
      [
        0.49848047782199667,
        -0.009875385809272719,
        -0.8668446746594638
      ],
      [
        0.8449029793737308,
        0.22936548933004003,
        0.48324986057916675
      ]
    ],
    "t": [
      -0.6426433209913107,
      -0.5200941766909938,
      2.036148958329403
    ]
  },
  "14_0845": {
    "R": [
      [
        0.5031571470643161,
        -0.8026483351991591,
        -0.32029445102923154
      ],
      [
        -0.718473611952072,
        -0.18256282395822127,
        -0.6711680000096422
      ],
      [
        0.4802380183686437,
        0.5678260872048925,
        -0.6685394381806807
      ]
    ],
    "t": [
      -0.6119647021867887,
      -0.3625618919229857,
      2.1788202588828427
    ]
  },
  "14_0276": {
    "R": [
      [
        -0.5734480936213668,
        0.7700772184686353,
        -0.27953239797495655
      ],
      [
        0.48991132608438703,
        0.04886953445133446,
        -0.8704014367961179
      ],
      [
        -0.6566156992459571,
        -0.6360761323914921,
        -0.4052936926546272
      ]
    ],
    "t": [
      -0.6599177735368429,
      -0.4467262859896054,
      2.00846820900529
    ]
  },
  "10_0439": {
    "R": [
      [
        -0.908823013433165,
        0.15514207794238416,
        0.38726175373509386
      ],
      [
        -0.39589023238887383,
        -0.6134925848815247,
        -0.6832991820531243
      ],
      [
        0.13157375936464202,
        -0.7743111673914463,
        0.6189754130008326
      ]
    ],
    "t": [
      -0.8433459707103547,
      -0.31063321004588784,
      2.3821826961565695
    ]
  },
  "01_0671": {
    "R": [
      [
        -0.8805443619132961,
        0.4638194866294312,
        0.0975351758368079
      ],
      [
        0.10541622608477194,
        0.39228549422631254,
        -0.9137830761716162
      ],
      [
        -0.46209203193817394,
        -0.7943447455874738,
        -0.3943188800664016
      ]
    ],
    "t": [
      -0.4128694860727753,
      -0.4803619009948975,
      1.4506531950643335
    ]
  },
  "10_0513": {
    "R": [
      [
        -0.14629323637491848,
        -0.5607618863345941,
        0.8149505480858453
      ],
      [
        -0.8298247886933042,
        0.518017760176686,
        0.20748113218228348
      ],
      [
        -0.538506368635567,
        -0.6459130800471506,
        -0.5411166084707971
      ]
    ],
    "t": [
      -0.6285278087372739,
      -0.3679066845000912,
      2.148529639935252
    ]
  },
  "11_0526": {
    "R": [
      [
        -0.8331301674138064,
        -0.5268202449996059,
        0.1683881041035797
      ],
      [
        -0.3023706225142516,
        0.17892494164092687,
        -0.9362466939322854
      ],
      [
        0.4631048809777184,
        -0.8309309807182218,
        -0.30836273201745257
      ]
    ],
    "t": [
      -1.0373068210962741,
      -0.8327294826643108,
      3.1759602331600894
    ]
  },
  "04_0501": {
    "R": [
      [
        0.888595999849754,
        0.2738259115428745,
        -0.36798983575464395
      ],
      [
        -0.1481710631534506,
        0.9306082534448212,
        0.33468435079094394
      ],
      [
        0.43409962577154126,
        -0.24287373013171534,
        0.8675078478705046
      ]
    ],
    "t": [
      -1.2705135348194319,
      -0.732240893758961,
      4.570499068922174
    ]
  },
  "11_0827": {
    "R": [
      [
        0.8923362999203712,
        0.4433194754662016,
        0.0848750288176279
      ],
      [
        -0.1205928045395433,
        0.41535560707557984,
        -0.9016302430398861
      ],
      [
        -0.4349635655290094,
        0.7943220772100248,
        0.4240980244224709
      ]
    ],
    "t": [
      -0.9960267686840408,
      -0.781027803499935,
      3.295823845580655
    ]
  },
  "04_0890": {
    "R": [
      [
        0.17936254726499348,
        0.4825393937705651,
        -0.8573125509976793
      ],
      [
        -0.18633603084829695,
        0.8723336758259259,
        0.45200978045583395
      ],
      [
        0.9659751343830314,
        0.07867459233808693,
        0.24637846552432363
      ]
    ],
    "t": [
      -0.8761900629498196,
      -0.6310837807216428,
      2.862718881235518
    ]
  },
  "08_0324": {
    "R": [
      [
        0.5590692767766767,
        -0.8287158099265939,
        -0.0259162138846194
      ],
      [
        -0.4569070487080502,
        -0.2818550508005829,
        -0.8436786587197167
      ],
      [
        0.6918652271976843,
        0.48351611836205666,
        -0.5362225943381969
      ]
    ],
    "t": [
      -0.7594819598362849,
      -0.48793602513037077,
      2.03850244684531
    ]
  },
  "14_0674": {
    "R": [
      [
        0.7018369262938401,
        -0.6267952067291774,
        0.3384563453560033
      ],
      [
        -0.25593487159505346,
        -0.6652889955463217,
        -0.7013471992576785
      ],
      [
        0.6647723447858207,
        0.4056085813025829,
        -0.627343134481974
      ]
    ],
    "t": [
      -0.5454589914929022,
      -0.2126692150140903,
      1.851780034827687
    ]
  },
  "02_1185": {
    "R": [
      [
        -0.5701566651345226,
        -0.8041816290920552,
        0.16796810600089618
      ],
      [
        0.5420706775973727,
        -0.5218892278440549,
        -0.658628130548234
      ],
      [
        0.6173173881333696,
        -0.2844706334425131,
        0.733481902310487
      ]
    ],
    "t": [
      -0.6945096948344767,
      -0.4883598628056538,
      1.8134739815108571
    ]
  },
  "01_1030": {
    "R": [
      [
        -0.9709823666094076,
        0.23606697917094166,
        0.03828348310564604
      ],
      [
        -0.09903812929519591,
        -0.25121240162865444,
        -0.9628518983798453
      ],
      [
        -0.21768025330585716,
        -0.9387037395329103,
        0.267302444260482
      ]
    ],
    "t": [
      -0.7487789390214202,
      -0.330895536675946,
      2.1028603316133756
    ]
  },
  "10_1021": {
    "R": [
      [
        -0.26650920115328813,
        -0.7810648589000391,
        0.5647216410693844
      ],
      [
        -0.8816317391029598,
        -0.03921440011362731,
        -0.47030597213943537
      ],
      [
        0.38948468815465287,
        -0.6232173914575803,
        -0.6781605714562606
      ]
    ],
    "t": [
      -0.6185085472944626,
      -0.4953688590922763,
      1.7006068853218466
    ]
  },
  "08_0711": {
    "R": [
      [
        -0.33557286156861743,
        0.9319922002230157,
        0.13704522356547771
      ],
      [
        -0.4711783405987551,
        -0.040086683697734216,
        -0.881126568173223
      ],
      [
        -0.8157094004173626,
        -0.3602549049125911,
        0.452586541511308
      ]
    ],
    "t": [
      -0.5739160126666308,
      -0.2990630115096774,
      1.5514274728614021
    ]
  },
  "06_0367": {
    "R": [
      [
        -0.7243272586678403,
        -0.687668053634498,
        -0.04962529960889592
      ],
      [
        -0.591933614524946,
        0.6571639519121005,
        -0.46663704986070625
      ],
      [
        0.35350334983726006,
        -0.30862305214907654,
        -0.883055600365019
      ]
    ],
    "t": [
      -1.2493932139104091,
      -0.8094616947775249,
      3.2919061473997417
    ]
  },
  "04_0752": {
    "R": [
      [
        0.40507021492582534,
        -0.4889823484285356,
        0.7725376262068143
      ],
      [
        -0.6221115303719436,
        0.47178609629768714,
        0.6248160714309994
      ],
      [
        -0.6699965408554166,
        -0.7336989452530946,
        -0.11309506167942297
      ]
    ],
    "t": [
      -0.5149737128255952,
      -0.3745492039255431,
      1.6318733729693358
    ]
  },
  "09_1249": {
    "R": [
      [
        0.5207236850129109,
        -0.8431737261946112,
        0.13380923481460494
      ],
      [
        0.093154073105989,
        -0.09968344107538485,
        -0.9906490449392937
      ],
      [
        0.848627811546581,
        0.5283192964774857,
        0.02663753815944031
      ]
    ],
    "t": [
      -0.7869686230234995,
      -0.5835313959788103,
      2.552880473465941
    ]
  },
  "09_0425": {
    "R": [
      [
        0.6884271394378285,
        -0.713376923080351,
        0.1310016767139221
      ],
      [
        -0.09093652153370563,
        -0.26408395668858914,
        -0.9602032143619648
      ],
      [
        0.7195822557128533,
        0.6491171153467685,
        -0.24667457880189392
      ]
    ],
    "t": [
      -1.5780395120998494,
      -0.9866297463138266,
      4.233537126680645
    ]
  },
  "09_0110": {
    "R": [
      [
        0.5050708165990292,
        -0.8261033208001438,
        -0.24991353221257184
      ],
      [
        0.2391467707383343,
        0.4121756953184972,
        -0.8791586991175938
      ],
      [
        0.8292842047605973,
        0.3842713878910161,
        0.40573785648235466
      ]
    ],
    "t": [
      -0.9576267259285047,
      -0.5916988789766399,
      2.841484461073301
    ]
  },
  "08_0632": {
    "R": [
      [
        -0.8677834016810395,
        -0.31639160916853,
        0.38320792973871476
      ],
      [
        -0.44775980115435193,
        0.16333139245457906,
        -0.8791097864937368
      ],
      [
        0.21555307522069544,
        -0.934461987395205,
        -0.28340371535374176
      ]
    ],
    "t": [
      -0.7347505167464813,
      -0.4734742441446368,
      2.4090141556473763
    ]
  },
  "05_0362": {
    "R": [
      [
        0.9460213628984459,
        0.29604429375921804,
        -0.13191420345199129
      ],
      [
        -0.07642380002846562,
        -0.19177555919044412,
        -0.9784587562520976
      ],
      [
        -0.31496505159934274,
        0.9357242708350567,
        -0.15879894597013267
      ]
    ],
    "t": [
      -0.640659565435992,
      -0.4564219154505558,
      1.7708355690016255
    ]
  },
  "14_0578": {
    "R": [
      [
        -0.8845121737088756,
        0.44196841381980817,
        -0.14933899606734594
      ],
      [
        -0.07691608629491181,
        -0.45389221878897124,
        -0.8877306851697186
      ],
      [
        -0.46013273110035724,
        -0.7737220268988259,
        0.43546767372756645
      ]
    ],
    "t": [
      -0.6250410018732437,
      -0.36284529965338863,
      1.5330530909937483
    ]
  },
  "10_1143": {
    "R": [
      [
        -0.3885581883606395,
        -0.9082967730054469,
        0.15498227771519368
      ],
      [
        -0.7231090916836113,
        0.19633915266725444,
        -0.6622417826250525
      ],
      [
        0.5710829850226676,
        -0.36938856137920173,
        -0.7330868399717754
      ]
    ],
    "t": [
      -0.9834249693783842,
      -0.6305271835058622,
      2.8745442195731465
    ]
  },
  "10_0093": {
    "R": [
      [
        -0.14835485603972415,
        0.0830164073011807,
        0.985443612191097
      ],
      [
        -0.7453226237390185,
        0.6455558292764503,
        -0.16658888867502464
      ],
      [
        -0.6499884793073012,
        -0.7591876891823253,
        -0.03389733561480954
      ]
    ],
    "t": [
      -0.6068697702065652,
      -0.39034590600778113,
      1.9770022688085713
    ]
  },
  "04_0952": {
    "R": [
      [
        -0.06273914512513157,
        0.40848699903156144,
        -0.9106053872513368
      ],
      [
        -0.30569030282507575,
        0.8606848631720114,
        0.4071547679510706
      ],
      [
        0.9500617024318375,
        0.30390777865787805,
        0.07087188189651165
      ]
    ],
    "t": [
      -0.7558779120717174,
      -0.47016640213773225,
      2.0999680390209137
    ]
  },
  "15_0282": {
    "R": [
      [
        -0.565781664369081,
        0.8244680217167065,
        0.01198288071762632
      ],
      [
        0.3750807223875888,
        0.27028238661257675,
        -0.8867140932567912
      ],
      [
        -0.7343061758946039,
        -0.4971920279464961,
        -0.46216287971828
      ]
    ],
    "t": [
      -0.6877240303820272,
      -0.4912582572594657,
      1.8711257515608
    ]
  },
  "08_0323": {
    "R": [
      [
        0.7650078493566664,
        0.6357465526230508,
        0.10290437916140982
      ],
      [
        0.5206658386198575,
        -0.5164918355398584,
        -0.6798112004924223
      ],
      [
        -0.3790383554694289,
        0.5736396993310126,
        -0.7261318202877881
      ]
    ],
    "t": [
      -0.6574686109452174,
      -0.47284343486588226,
      1.9188032294612722
    ]
  },
  "09_0714": {
    "R": [
      [
        0.9181323432891005,
        0.3717643605998298,
        0.13720153204051733
      ],
      [
        0.05009190913186917,
        0.23457134506596766,
        -0.9708074395643389
      ],
      [
        -0.39309515495104996,
        0.8982023960454251,
        0.19674515214425894
      ]
    ],
    "t": [
      -0.6536626745870244,
      -0.44460746024833936,
      1.859893119889991
    ]
  },
  "04_0791": {
    "R": [
      [
        0.777407420292115,
        -0.2840465518239559,
        0.5612087483919684
      ],
      [
        0.2692022954251936,
        0.956633654428552,
        0.11127522344385851
      ],
      [
        -0.5684785193941507,
        0.06457249887989908,
        0.8201600852125392
      ]
    ],
    "t": [
      -1.2356286975276554,
      -0.9140246776866603,
      4.36047876686916
    ]
  },
  "09_0703": {
    "R": [
      [
        0.8014812128666251,
        0.5979477378149675,
        0.009293452738675323
      ],
      [
        -0.14473659012936144,
        0.2090345043860846,
        -0.9671379919400276
      ],
      [
        -0.5802406267227144,
        0.7737978281295617,
        0.2540821447532368
      ]
    ],
    "t": [
      -0.6287314766042941,
      -0.3711755468467896,
      1.6540126770523476
    ]
  },
  "04_0681": {
    "R": [
      [
        0.041858388823181276,
        -0.18234044943574104,
        -0.9823440516360341
      ],
      [
        -0.3857648330558002,
        0.9040141462351158,
        -0.18423874995294898
      ],
      [
        0.9216470956187938,
        0.38666572631456053,
        -0.0324999574011325
      ]
    ],
    "t": [
      -0.7699841660936326,
      -0.5319251299818366,
      2.4712182633990416
    ]
  },
  "10_1110": {
    "R": [
      [
        0.38943823831563684,
        0.4969937166740109,
        0.7754579963635465
      ],
      [
        -0.91935485652616,
        0.15865568827595522,
        0.36002086100592384
      ],
      [
        0.055897283649359863,
        -0.8531269648558975,
        0.5187001788281811
      ]
    ],
    "t": [
      -4.45817585537498,
      -2.701098254451949,
      12.355216855706852
    ]
  },
  "12_1075": {
    "R": [
      [
        0.08613187752255225,
        0.10568102536583934,
        0.9906628187996485
      ],
      [
        -0.9666118583480761,
        0.24973337556328262,
        0.05739996890807236
      ],
      [
        -0.24133548221370044,
        -0.9625303953680597,
        0.12366253683831435
      ]
    ],
    "t": [
      -1.5494357698794807,
      -1.273802293741036,
      4.791186447880926
    ]
  },
  "11_0633": {
    "R": [
      [
        -0.7922232752310947,
        0.5523521026047647,
        0.2594020758016646
      ],
      [
        0.011969023193814654,
        0.43907111227372586,
        -0.8983725846498761
      ],
      [
        -0.6101139440021863,
        -0.7086068819273549,
        -0.35445346975207975
      ]
    ],
    "t": [
      -0.8597437326284219,
      -0.5291932262373688,
      2.0198180230288014
    ]
  },
  "09_0807": {
    "R": [
      [
        0.2380736241901268,
        -0.9691501944024409,
        0.06378753918038721
      ],
      [
        -0.3053883351030108,
        -0.1370405468896772,
        -0.942315156033898
      ],
      [
        0.9219863959126455,
        0.2048604139356583,
        -0.32859290399234303
      ]
    ],
    "t": [
      -0.9466492964791933,
      -0.5888704835585187,
      2.639962590500804
    ]
  },
  "01_0277": {
    "R": [
      [
        0.4525320726102988,
        0.8915920616454762,
        0.016682891529846144
      ],
      [
        -0.27540797953900875,
        0.15752930277944205,
        -0.9483327283037656
      ],
      [
        -0.8481539766252754,
        0.42455637361437903,
        0.3168386301544362
      ]
    ],
    "t": [
      -0.5916439146000472,
      -0.3456667130565693,
      1.6344530948648621
    ]
  },
  "10_0791": {
    "R": [
      [
        -0.50603761409062,
        -0.500954969385101,
        0.7021182605329711
      ],
      [
        -0.8614056106370132,
        0.3347422951954,
        -0.3820051959992036
      ],
      [
        -0.04366127676267806,
        -0.7981176069074581,
        -0.6009176137007177
      ]
    ],
    "t": [
      -0.5389751773105418,
      -0.2765075581890344,
      1.854493368842718
    ]
  },
  "04_0586": {
    "R": [
      [
        -0.7344607321365354,
        0.6569401419035478,
        0.17028529855865726
      ],
      [
        -0.2547221548438422,
        -0.034277994255986766,
        -0.966406561930069
      ],
      [
        -0.6290342254449866,
        -0.7531631092037987,
        0.19251304930651514
      ]
    ],
    "t": [
      -0.5912664584955982,
      -0.42409187681715377,
      1.7762961138888025
    ]
  },
  "10_0069": {
    "R": [
      [
        -0.32351628806040467,
        -0.520941804317051,
        0.7899093921928723
      ],
      [
        -0.5569817473872293,
        -0.5700094428230863,
        -0.6040368930537137
      ],
      [
        0.764923881466049,
        -0.6353808870334472,
        -0.10574773735406251
      ]
    ],
    "t": [
      -0.6526021383964647,
      -0.3854758807840537,
      2.0241883923240764
    ]
  },
  "04_0172": {
    "R": [
      [
        0.16429266383828864,
        -0.9793221971413753,
        0.11805064504316803
      ],
      [
        0.7150203453405122,
        0.035791273018915486,
        -0.6981868593183487
      ],
      [
        0.6795247062160825,
        0.19911559196073633,
        0.7061155391860966
      ]
    ],
    "t": [
      -1.6037347167889822,
      -1.0969907483700128,
      4.412983493037775
    ]
  },
  "09_0913": {
    "R": [
      [
        0.9279897938355863,
        0.3681192892153276,
        -0.05764660826612583
      ],
      [
        -0.17489601277393724,
        0.29373146508192827,
        -0.9397516752507562
      ],
      [
        -0.3290080960292086,
        0.8821621253082825,
        0.3369623976333399
      ]
    ],
    "t": [
      -0.5621284147877947,
      -0.3135147075994137,
      1.5725223451056687
    ]
  },
  "01_0240": {
    "R": [
      [
        0.980443240924588,
        0.19223737003856248,
        -0.042140774624428126
      ],
      [
        0.05257501305625925,
        -0.4621924554304718,
        -0.8852197479413151
      ],
      [
        -0.18964946434784413,
        0.8656921668259498,
        -0.4632603511728234
      ]
    ],
    "t": [
      -0.9240500534254174,
      -0.4678933763463538,
      2.4924819324047847
    ]
  },
  "10_0077": {
    "R": [
      [
        -0.5932614113118351,
        0.2112834185242178,
        0.776788397766734
      ],
      [
        -0.2658255220696148,
        -0.9622321804712293,
        0.05870283367947743
      ],
      [
        0.7598537291246956,
        -0.17166405541727092,
        0.6270197464298793
      ]
    ],
    "t": [
      -0.49376364999570005,
      -0.36431706228586797,
      2.0003365025442976
    ]
  },
  "12_0215": {
    "R": [
      [
        -0.9955336156070125,
        -0.06084392576691067,
        -0.07218612673983686
      ],
      [
        -0.021207871376922913,
        0.8892086029297219,
        -0.4570101603547037
      ],
      [
        0.09199481718058371,
        -0.453438063215962,
        -0.886527425655218
      ]
    ],
    "t": [
      -0.5742215182951147,
      -0.45710057562426865,
      1.7697734250471107
    ]
  },
  "06_0704": {
    "R": [
      [
        0.28580677003232763,
        0.9518538074818066,
        0.11085494750382663
      ],
      [
        -0.5214123314676382,
        0.2515233764938617,
        -0.8153926487715036
      ],
      [
        -0.8040172080230433,
        0.17524360262079486,
        0.568195396798773
      ]
    ],
    "t": [
      -0.6595782050475645,
      -0.4278447075749926,
      1.8526173526658147
    ]
  },
  "01_0663": {
    "R": [
      [
        -0.8345865541162304,
        0.2797629920798883,
        0.47455026282882273
      ],
      [
        -0.5484237056829188,
        -0.5031642413897299,
        -0.6678751269748804
      ],
      [
        0.051929979139333615,
        -0.8176542144752914,
        0.5733627672053548
      ]
    ],
    "t": [
      -0.6616726110082242,
      -0.4542554234633743,
      1.9068825689545246
    ]
  },
  "10_0651": {
    "R": [
      [
        -0.44752422034255196,
        0.3420384120487472,
        0.8262758600430987
      ],
      [
        -0.7292200850135258,
        0.39526048184094775,
        -0.5585760638514045
      ],
      [
        -0.5176486644623527,
        -0.8525132703823638,
        0.07253264094398726
      ]
    ],
    "t": [
      -0.6923610351614919,
      -0.4049784004957087,
      2.343271945728673
    ]
  },
  "05_0827": {
    "R": [
      [
        0.06226513972215775,
        -0.9335166434084408,
        -0.3530860077301539
      ],
      [
        -0.08413920721881124,
        0.3476034157876657,
        -0.9338589075129802
      ],
      [
        0.9945067351124226,
        0.08785523212754759,
        -0.05690177505003363
      ]
    ],
    "t": [
      -0.6457206383058638,
      -0.36753527326600866,
      2.470358889194251
    ]
  },
  "06_0247": {
    "R": [
      [
        0.8656432062383861,
        -0.5006391953948893,
        0.0047154562541920075
      ],
      [
        -0.09850440274423747,
        -0.17954084818394178,
        -0.9788063988723164
      ],
      [
        0.4908754649942574,
        0.8468326162044946,
        -0.20473348040543582
      ]
    ],
    "t": [
      -0.6902679233040623,
      -0.5041923122366835,
      1.8924307262071594
    ]
  },
  "10_0537": {
    "R": [
      [
        0.3393650124885351,
        0.3115960226470403,
        0.8875467914252193
      ],
      [
        -0.9291404070498028,
        -0.03613951642255095,
        0.3679565726278997
      ],
      [
        0.14672931638218462,
        -0.9495271739256803,
        0.27725196787530215
      ]
    ],
    "t": [
      -1.1242066038516902,
      -0.6137427051495137,
      3.0075457347670485
    ]
  },
  "13_1115": {
    "R": [
      [
        -0.40193928376970134,
        -0.7198654739723541,
        -0.565896202094746
      ],
      [
        -0.024889369633570912,
        0.6263765623605853,
        -0.77912317473207
      ],
      [
        0.9153279911823646,
        -0.2990754110720141,
        -0.2696823447134848
      ]
    ],
    "t": [
      -0.4313674040795622,
      -0.48582263037736595,
      1.5678655008406002
    ]
  },
  "14_0128": {
    "R": [
      [
        -0.44618753269373673,
        0.8940643951476444,
        -0.0395669432475203
      ],
      [
        0.20082007285649744,
        0.056940028623405414,
        -0.9779719482062239
      ],
      [
        -0.8721169554633064,
        -0.44430472703949797,
        -0.20495200785493817
      ]
    ],
    "t": [
      -1.073721385861726,
      -0.554872324328359,
      3.3973195932163733
    ]
  },
  "02_0182": {
    "R": [
      [
        0.6800261362158523,
        -0.583543887976423,
        0.44389298808237426
      ],
      [
        0.712739930355125,
        0.38415190714645536,
        -0.5868808259886437
      ],
      [
        0.1719483810354447,
        0.7154745579271852,
        0.6771483672122295
      ]
    ],
    "t": [
      -0.8450387255281,
      -0.5413765744460842,
      2.862927186306978
    ]
  },
  "01_1225": {
    "R": [
      [
        -0.9921265587863389,
        -0.009800507201571745,
        0.12485528186412129
      ],
      [
        -0.12419761440053548,
        -0.05132394644878846,
        -0.9909292634179988
      ],
      [
        0.01611967518261883,
        -0.998633968268411,
        0.04970265075922009
      ]
    ],
    "t": [
      -0.49428165274128344,
      -0.29939474245638314,
      1.4913115747916763
    ]
  },
  "15_0185": {
    "R": [
      [
        -0.5568179386182432,
        0.8284433698170262,
        0.060293998367500656
      ],
      [
        0.27212066183823747,
        0.2505176262424067,
        -0.9290808707225597
      ],
      [
        -0.784795596721624,
        -0.5009216525047404,
        -0.36492926632194117
      ]
    ],
    "t": [
      -0.6163112472772252,
      -0.4588336679880058,
      2.2172617009624718
    ]
  },
  "11_0980": {
    "R": [
      [
        -0.9697736250787197,
        0.13175577789552292,
        0.20537655925841342
      ],
      [
        -0.2004230942522098,
        0.049960108008405335,
        -0.9784347555653153
      ],
      [
        -0.13917506742246893,
        -0.9900224253010302,
        -0.022043094361208215
      ]
    ],
    "t": [
      -0.5290932948871321,
      -0.34121020540475855,
      1.67458927236954
    ]
  },
  "05_0337": {
    "R": [
      [
        0.6424588453744187,
        -0.7084290753354371,
        -0.2921897965698771
      ],
      [
        -0.40944730675824814,
        0.004965388817320948,
        -0.9123202551200481
      ],
      [
        0.6477650306929091,
        0.7057645429838978,
        -0.28687431895891974
      ]
    ],
    "t": [
      -0.508485985190139,
      -0.41539693000955685,
      1.498299346753155
    ]
  },
  "13_0079": {
    "R": [
      [
        -0.06858077469665358,
        -0.9782365250007221,
        0.1958315053726504
      ],
      [
        -0.8906642201077213,
        -0.02839884130934467,
        -0.453773900563035
      ],
      [
        0.44945959146725456,
        -0.2055402806429879,
        -0.8693326570831734
      ]
    ],
    "t": [
      -0.7446994777949818,
      -0.4950959592826153,
      2.568395398001625
    ]
  },
  "11_0754": {
    "R": [
      [
        -0.7440843355040307,
        -0.4111825794063142,
        0.5265618558633877
      ],
      [
        -0.6082214779746167,
        0.09082484232281651,
        -0.7885540449122106
      ],
      [
        0.27641478865628355,
        -0.9070169427358046,
        -0.3176714186109547
      ]
    ],
    "t": [
      -1.172964101156451,
      -0.7706158504767432,
      3.375282327292464
    ]
  },
  "08_0530": {
    "R": [
      [
        -0.3576253101526916,
        -0.8298024097853656,
        0.42840646383147835
      ],
      [
        -0.778635350860791,
        0.011678933795187474,
        -0.6273679884209117
      ],
      [
        0.5155881378853515,
        -0.5579350887153528,
        -0.650290172809114
      ]
    ],
    "t": [
      -0.5374677922449239,
      -0.4620753150011635,
      1.9149622269746345
    ]
  },
  "12_0530": {
    "R": [
      [
        -0.3958768876169048,
        0.2979861935976986,
        0.8686113735589165
      ],
      [
        0.1752503940446921,
        0.9530179726803345,
        -0.24707092733756725
      ],
      [
        -0.9014259754621745,
        0.05441481575288275,
        -0.4294999867155378
      ]
    ],
    "t": [
      -0.8023022745729753,
      -0.4651520454285938,
      2.6595661830343555
    ]
  },
  "01_1199": {
    "R": [
      [
        0.22430277023441725,
        -0.5772692346589674,
        0.7851423424968341
      ],
      [
        0.49759810805415894,
        -0.624882909676674,
        -0.6015957713073913
      ],
      [
        0.8379047619664705,
        0.5256249422451941,
        0.14708511129155333
      ]
    ],
    "t": [
      -0.6569075063913253,
      -0.5751325572902302,
      1.8783792422715202
    ]
  },
  "10_0979": {
    "R": [
      [
        0.351083520100538,
        -0.9353906190425676,
        0.042246321981656565
      ],
      [
        -0.7421360211767583,
        -0.3054927568090572,
        -0.5965805072319519
      ],
      [
        0.5709417553356436,
        0.1780970671975392,
        -0.8014405446880569
      ]
    ],
    "t": [
      -0.40643188709775246,
      -0.32500782638332215,
      1.333572706649309
    ]
  },
  "12_0280": {
    "R": [
      [
        -0.9892982485826325,
        0.13470178949939018,
        -0.05607497888539786
      ],
      [
        0.12658243589617665,
        0.601215162729795,
        -0.7889976014072395
      ],
      [
        -0.07256626126462742,
        -0.7876520526282205,
        -0.6118319881443148
      ]
    ],
    "t": [
      -0.6506959401873527,
      -0.3676650660136681,
      2.277977198010751
    ]
  },
  "06_0128": {
    "R": [
      [
        -0.5769009437979487,
        -0.23799571352087934,
        -0.7813727288501461
      ],
      [
        0.18174044667989425,
        0.8952304209480438,
        -0.40685735024671915
      ],
      [
        0.7963389423390198,
        -0.3767234181131783,
        -0.4732058274783763
      ]
    ],
    "t": [
      -0.9068907345155274,
      -0.5858832335681903,
      2.802236197590071
    ]
  },
  "11_0783": {
    "R": [
      [
        0.28630772950966116,
        -0.49857232512125776,
        -0.8182013936960786
      ],
      [
        0.526854589991408,
        0.7951808537478544,
        -0.3001860270529239
      ],
      [
        0.8002825282536212,
        -0.34512757997009774,
        0.4903415427189254
      ]
    ],
    "t": [
      -1.137663341398132,
      -0.8693534395145894,
      3.395289582839199
    ]
  },
  "04_0452": {
    "R": [
      [
        0.6324267186977544,
        -0.6080761429983221,
        -0.4798748272138013
      ],
      [
        -0.11272988216011226,
        0.5406531025826588,
        -0.8336583210979858
      ],
      [
        0.7663735506561788,
        0.581324029250494,
        0.27337511567553474
      ]
    ],
    "t": [
      -0.7148331039529583,
      -0.4421236909699871,
      2.212031532012059
    ]
  },
  "15_0904": {
    "R": [
      [
        0.19835117653926626,
        -0.9680996842519031,
        0.15310066007974676
      ],
      [
        -0.7612311969748794,
        -0.053765250230189965,
        0.6462479111145175
      ],
      [
        -0.6174009033988216,
        -0.24472903223575768,
        -0.7476120820741653
      ]
    ],
    "t": [
      -0.8808730127511317,
      -0.45744522647325037,
      2.591760436014775
    ]
  },
  "05_0302": {
    "R": [
      [
        0.5956160535095324,
        -0.8028032652294026,
        -0.027357524353263496
      ],
      [
        -0.4968123400509518,
        -0.3414052581299961,
        -0.7978846711739035
      ],
      [
        0.6312044166312745,
        0.48882447469229706,
        -0.6021890212939559
      ]
    ],
    "t": [
      -0.6085917250829463,
      -0.4326016986940177,
      1.798188132968704
    ]
  },
  "02_0404": {
    "R": [
      [
        0.9372073007826178,
        0.11655543398688437,
        0.32872071149820903
      ],
      [
        0.3247787944076722,
        0.051885351675000586,
        -0.9443657368756346
      ],
      [
        -0.12712674802282442,
        0.9918279795860221,
        0.010772597061560845
      ]
    ],
    "t": [
      -0.8124030261579632,
      -0.6281124401875428,
      3.198255269212678
    ]
  },
  "09_0806": {
    "R": [
      [
        0.12925351265931928,
        -0.989005271851431,
        0.07184776764314782
      ],
      [
        -0.3912053342375771,
        -0.11743704154823587,
        -0.912779780525655
      ],
      [
        0.9111816042531216,
        0.0898727629622822,
        -0.40208328807379307
      ]
    ],
    "t": [
      -0.7937189880446911,
      -0.4911710630867249,
      2.406513749293072
    ]
  },
  "09_0824": {
    "R": [
      [
        0.22189752537692742,
        -0.9750652815785199,
        0.0030306586408203606
      ],
      [
        -0.20779711260434736,
        -0.05032508620383491,
        -0.97687652530495
      ],
      [
        0.952670902371271,
        0.216136721449128,
        -0.21378276220577297
      ]
    ],
    "t": [
      -1.688459334657155,
      -1.045083556429263,
      4.937175920747937
    ]
  },
  "06_0279": {
    "R": [
      [
        0.658690125648204,
        0.17670828885018372,
        -0.7313696049366516
      ],
      [
        0.6037417738166101,
        -0.7042164214708744,
        0.373597513749127
      ],
      [
        -0.4490247085877648,
        -0.6876433758732763,
        -0.5705465789006863
      ]
    ],
    "t": [
      -1.2005776052792836,
      -1.0837581048266667,
      4.200318125037806
    ]
  },
  "08_0356": {
    "R": [
      [
        0.6932693002756668,
        -0.7189254510595318,
        0.0502381639208348
      ],
      [
        -0.46042577047279387,
        -0.4954651863537088,
        -0.7365611712519327
      ],
      [
        0.5544238335243372,
        0.48750430247366383,
        -0.6745026077709741
      ]
    ],
    "t": [
      -0.5952834409126196,
      -0.4873262779463698,
      1.937151968584002
    ]
  },
  "11_0819": {
    "R": [
      [
        0.9896644547097608,
        -0.09720455217056514,
        -0.10543027137094854
      ],
      [
        -0.08437999514108582,
        0.19972701131428483,
        -0.9762116253003003
      ],
      [
        0.11594948686398879,
        0.9750181516201549,
        0.18946060410331822
      ]
    ],
    "t": [
      -0.8496201858278787,
      -0.7057290326653105,
      2.532040794551274
    ]
  },
  "09_1021": {
    "R": [
      [
        -0.9756273140192144,
        -0.1230422605168337,
        0.18169189928711976
      ],
      [
        -0.2043347980277977,
        0.811251352551797,
        -0.5478307524206897
      ],
      [
        -0.07999146488590125,
        -0.5716046230654434,
        -0.8166207935361554
      ]
    ],
    "t": [
      -0.47721912352284973,
      -0.3587302664034149,
      1.5907682671288914
    ]
  },
  "15_0326": {
    "R": [
      [
        0.9777644350068002,
        0.20809264003157038,
        0.02596464520313134
      ],
      [
        -0.01707925957530332,
        0.2024230873735544,
        -0.9791492187560168
      ],
      [
        -0.20900958956036592,
        0.9569338257491214,
        0.20147616387294487
      ]
    ],
    "t": [
      -0.9857010226709103,
      -0.7130716939783055,
      3.1912417963024162
    ]
  },
  "08_0538": {
    "R": [
      [
        -0.42756705497110425,
        -0.8828799568694925,
        0.19418907091146875
      ],
      [
        -0.6002176778068866,
        0.11663421104585359,
        -0.7912870528839829
      ],
      [
        0.6759623900421124,
        -0.45488398803632746,
        -0.5797891036202052
      ]
    ],
    "t": [
      -0.5799417406281778,
      -0.29681429077166444,
      2.0852464407980356
    ]
  },
  "09_1187": {
    "R": [
      [
        -0.5695222925820222,
        -0.6643321857191891,
        0.4840527918209772
      ],
      [
        -0.5680660516391172,
        -0.10751658849925405,
        -0.815929619619625
      ],
      [
        0.5940920124250629,
        -0.7396640657859802,
        -0.31615146774559155
      ]
    ],
    "t": [
      -0.907551475280617,
      -0.4566417539162035,
      2.5843484562864054
    ]
  },
  "11_0620": {
    "R": [
      [
        -0.8903116576853898,
        -0.30721816848358896,
        0.3360984218098656
      ],
      [
        -0.45422932866668486,
        0.6509892419247455,
        -0.6081847777421415
      ],
      [
        -0.03195104330856843,
        -0.6941397581552539,
        -0.7191308135378846
      ]
    ],
    "t": [
      -0.7022791470336868,
      -0.407022715977187,
      1.8171892514337489
    ]
  },
  "10_0479": {
    "R": [
      [
        -0.7960086182782121,
        -0.46769911986065266,
        -0.3842236495953658
      ],
      [
        0.23823232835159264,
        -0.825629546623117,
        0.5114501045762776
      ],
      [
        -0.556431161380265,
        0.31558419641115926,
        0.7686292849095275
      ]
    ],
    "t": [
      -2.4598487083428036,
      -1.5241837757595833,
      7.350315343896968
    ]
  },
  "10_0693": {
    "R": [
      [
        -0.35182452650278356,
        0.5132150825880278,
        0.7828344534799523
      ],
      [
        -0.6895089469749595,
        0.4235263621006486,
        -0.5875396434686533
      ],
      [
        -0.6330852348559193,
        -0.746482216539653,
        0.20485942935943063
      ]
    ],
    "t": [
      -0.9884340607169456,
      -0.7698835150644332,
      2.9631175675630623
    ]
  },
  "11_0132": {
    "R": [
      [
        -0.0465233374927686,
        0.7240010462663805,
        0.6882282063921242
      ],
      [
        0.5834844075933466,
        -0.5395232970680233,
        0.6070095205318371
      ],
      [
        0.810790679006595,
        0.4298105360807664,
        -0.3973428971429954
      ]
    ],
    "t": [
      -3.3621074046888593,
