{
    "01_0005": {
        "R": [
            [
                0.13388411818351942,
                0.9893923294441151,
                0.05637252287568528
            ],
            [
                0.7166471230121139,
                -0.05737329804826363,
                -0.6950720867287979
            ],
            [
                -0.684464713463508,
                0.13345831974145816,
                -0.7167265398428503
            ]
        ],
        "t": [
            -128.30415903251628,
            46.54084431091378,
            1033.5254985922231
        ]
    },
    "01_0018": {
        "R": [
            [
                -0.06093324664473865,
                0.9978309974631926,
                0.02490863213711811
            ],
            [
                0.9453889868606332,
                0.0657003055429437,
                -0.31925402640247147
            ],
            [
                -0.32019806835138387,
                0.004095162167086525,
                -0.947341768672145
            ]
        ],
        "t": [
            -223.28916654298334,
            -74.68757562533506,
            1001.3367566498903
        ]
    },
    "01_0022": {
        "R": [
            [
                -0.4035499126480654,
                0.9136814883874423,
                0.048307409160985956
            ],
            [
                0.8935993870725373,
                0.40492120362492534,
                -0.1936981008645352
            ],
            [
                -0.19653906335719762,
                -0.03499938046666001,
                -0.9798711343547301
            ]
        ],
        "t": [
            -148.04908130760526,
            -35.96319920674182,
            977.1137523842391
        ]
    },
    "01_0007": {
        "R": [
            [
                0.21356198597851428,
                0.976813348262637,
                0.01506521824764151
            ],
            [
                0.7260399178753135,
                -0.14837935591540452,
                -0.6714533523557222
            ],
            [
                -0.6536492299364552,
                0.15433486124031048,
                -0.7408936730796216
            ]
        ],
        "t": [
            -148.79470010935933,
            87.75488464273742,
            1015.2760335687835
        ]
    },
    "01_0012": {
        "R": [
            [
                0.2800206797201832,
                0.9579669704106183,
                -0.06235144369899406
            ],
            [
                0.7995322166695878,
                -0.2686726806847406,
                -0.5371808123538023
            ],
            [
                -0.5313536048964591,
                0.10056974821474599,
                -0.8411593620162354
            ]
        ],
        "t": [
            -135.19972655863236,
            102.61947837373911,
            1039.4040436980067
        ]
    },
    "01_0024": {
        "R": [
            [
                -0.24545210082541635,
                0.9686703043477966,
                0.037829983810953496
            ],
            [
                0.9427593894272758,
                0.24760989181770965,
                -0.22336981694206676
            ],
            [
                -0.2257387867582793,
                -0.01916201838976074,
                -0.9739993928150729
            ]
        ],
        "t": [
            -137.84756766943573,
            -13.031448110677665,
            1000.5415119347879
        ]
    },
    "01_0031": {
        "R": [
            [
                0.4493899572949849,
                0.8841645139636031,
                0.12767841841876557
            ],
            [
                0.7951258181686026,
                -0.3307298875067649,
                -0.5083233958726207
            ],
            [
                -0.4072144392873638,
                0.3299558360709328,
                -0.851648722583795
            ]
        ],
        "t": [
            -188.7251285984389,
            11.43894380558806,
            994.4697375508049
        ]
    },
    "01_0039": {
        "R": [
            [
                0.4975309827090425,
                0.8612924259255003,
                0.10314202968693414
            ],
            [
                0.5571378082215118,
                -0.2261477885196151,
                -0.7990335665025701
            ],
            [
                -0.6648762169717786,
                0.4550082799148318,
                -0.5923741058775631
            ]
        ],
        "t": [
            -169.62916215772864,
            -82.70100872783803,
            977.3449642092562
        ]
    },
    "01_0057": {
        "R": [
            [
                0.06968153890696804,
                0.9739333012468895,
                0.21586664368978553
            ],
            [
                0.6740587355752853,
                0.1135510660598209,
                -0.7298979218982105
            ],
            [
                -0.7353837801652989,
                0.19636720734128266,
                -0.6485758365455664
            ]
        ],
        "t": [
            -147.20988132276958,
            41.71886607587304,
            1010.5052060373592
        ]
    },
    "01_0059": {
        "R": [
            [
                -0.5031932829333794,
                0.8585411400303972,
                0.09850700932438322
            ],
            [
                0.5557156461423359,
                0.40876951051724,
                -0.7239389531611782
            ],
            [
                -0.6617980361434554,
                -0.30953933214827845,
                -0.6827948163320102
            ]
        ],
        "t": [
            76.7845113198441,
            -53.779145186695274,
            1066.3642873238084
        ]
    },
    "01_0065": {
        "R": [
            [
                -0.3661228682734004,
                0.8356320867695326,
                0.40947901153594535
            ],
            [
                0.619780306398195,
                0.5472030333663884,
                -0.5625310765420726
            ],
            [
                -0.6941371745759032,
                0.04783153599687079,
                -0.7182518548781912
            ]
        ],
        "t": [
            -255.51926153418316,
            -80.90809179249958,
            982.4535183308302
        ]
    },
    "01_0062": {
        "R": [
            [
                -0.33956599279544764,
                0.9397062638410795,
                0.040584162362694576
            ],
            [
                0.6130994453797917,
                0.25385495324089036,
                -0.7481087706945141
            ],
            [
                -0.7133049884949872,
                -0.229150170004093,
                -0.662333898404167
            ]
        ],
        "t": [
            27.225012209287968,
            -92.93012334397139,
            1018.2534412315256
        ]
    },
    "01_0068": {
        "R": [
            [
                -0.6163739673801061,
                0.7685988127005028,
                0.17128630257987723
            ],
            [
                0.5526737526992567,
                0.5771879366534893,
                -0.6011703659188538
            ],
            [
                -0.5609232170390424,
                -0.2758803198799529,
                -0.7805480085744286
            ]
        ],
        "t": [
            -55.161615399869646,
            -45.22183860290704,
            1013.9883964821148
        ]
    },
    "01_0079": {
        "R": [
            [
                0.2396898497311456,
                0.922658934295226,
                -0.30207493590342505
            ],
            [
                0.16307300575423445,
                -0.34498640529509,
                -0.9243330433106085
            ],
            [
                -0.9570558869418965,
                0.17229298049186298,
                -0.23315050534598952
            ]
        ],
        "t": [
            -225.41773188321554,
            90.54308835017191,
            977.8892184862085
        ]
    },
    "01_0081": {
        "R": [
            [
                0.2758430396749991,
                0.9611678632130057,
                0.008182676176022197
            ],
            [
                0.5873257326046467,
                -0.1618039483572481,
                -0.7930119583691156
            ],
            [
                -0.7608936202145947,
                0.22355272537490956,
                -0.6091511123639013
            ]
        ],
        "t": [
            -228.78008115799128,
            -32.25575223594077,
            968.7666539188965
        ]
    },
    "01_0085": {
        "R": [
            [
                0.22162161696719757,
                0.947682921003087,
                0.22974102840350763
            ],
            [
                0.35944249758138463,
                0.1396178332091234,
                -0.9226635094022335
            ],
            [
                -0.9064683942782014,
                0.28706086791662483,
                -0.3096951860873093
            ]
        ],
        "t": [
            -159.3463693397103,
            -72.1364602714648,
            936.7630358952944
        ]
    },
    "01_0089": {
        "R": [
            [
                0.4941534714426783,
                0.8683712309955991,
                0.04175825475684869
            ],
            [
                0.590675929805591,
                -0.3001097234314374,
                -0.7490234307751705
            ],
            [
                -0.6378983403407243,
                0.3947981244650155,
                -0.6612262459320981
            ]
        ],
        "t": [
            -227.83312533243233,
            -33.232229528656745,
            891.1164933779318
        ]
    },
    "01_0094": {
        "R": [
            [
                0.7724120850014039,
                0.633143428689233,
                -0.05008961620363278
            ],
            [
                0.5260796126882452,
                -0.6819921936542489,
                -0.5080618947613093
            ],
            [
                -0.35583677726953844,
                0.3660820215502365,
                -0.8598628619960983
            ]
        ],
        "t": [
            -140.622564955334,
            -62.95466093423283,
            879.657147800353
        ]
    },
    "01_0096": {
        "R": [
            [
                -0.7600394853884653,
                0.6333090769690809,
                0.14580669970549165
            ],
            [
                0.4540603486688731,
                0.6780052600169347,
                -0.5780467690040917
            ],
            [
                -0.4649399750689739,
                -0.3731333279378017,
                -0.802871309217687
            ]
        ],
        "t": [
            19.347294908334938,
            -93.81454579302253,
            1001.1753555087255
        ]
    },
    "01_0111": {
        "R": [
            [
                0.09481528819697727,
                0.9953149753251698,
                -0.018925142471880513
            ],
            [
                0.938174985410519,
                -0.09569751404112103,
                -0.33267053154182746
            ],
            [
                -0.3329230509803981,
                0.013787157060331456,
                -0.9428531998281053
            ]
        ],
        "t": [
            -122.77508731033407,
            -33.56712714350359,
            801.2282612981561
        ]
    },
    "01_0113": {
        "R": [
            [
                0.06480662769106738,
                0.9977948194117183,
                0.014338736431392232
            ],
            [
                0.9683131192916092,
                -0.05940594860912629,
                -0.24257088918005887
            ],
            [
                -0.24118417032439354,
                0.029604587904364724,
                -0.9700277131917143
            ]
        ],
        "t": [
            -132.50454899672337,
            33.504995797744456,
            793.3875805378498
        ]
    },
    "01_0120": {
        "R": [
            [
                0.22686387728238522,
                0.9661187000008967,
                0.12307493121257485
            ],
            [
                0.6392541064272931,
                -0.052373842328116704,
                -0.7672099895436924
            ],
            [
                -0.7347700106837826,
                0.25272838809355536,
                -0.6294770792105041
            ]
        ],
        "t": [
            -161.75978638311983,
            -1.0039411327490697,
            876.2592583673166
        ]
    },
    "01_0122": {
        "R": [
            [
                0.3469239622783493,
                0.9375690474669773,
                0.024658581243763744
            ],
            [
                0.34582582028969844,
                -0.10343682540896615,
                -0.9325799296415682
            ],
            [
                -0.8718074709579219,
                0.3320618984183219,
                -0.360120298234871
            ]
        ],
        "t": [
            -144.8439628688412,
            -14.112293185346587,
            833.8680550837422
        ]
    },
    "01_0128": {
        "R": [
            [
                0.3926510084344066,
                0.9120649930960592,
                0.11816358975644282
            ],
            [
                0.8534971358008459,
                -0.31351101112209623,
                -0.4162372942024214
            ],
            [
                -0.3425898783606949,
                0.26428827872965965,
                -0.9015452739440865
            ]
        ],
        "t": [
            -173.63628273768416,
            -43.0029566566429,
            791.6129230413541
        ]
    },
    "01_0138": {
        "R": [
            [
                0.6200156236341323,
                0.7798766421869952,
                0.08586646272390347
            ],
            [
                0.7448669357750732,
                -0.5507079306691659,
                -0.37668823061935197
            ],
            [
                -0.24648301044621868,
                0.2975116771980939,
                -0.9223518458224857
            ]
        ],
        "t": [
            -56.926012846811915,
            -28.713275569532787,
            730.581806684081
        ]
    },
    "01_0151": {
        "R": [
            [
                0.2849960084341274,
                0.9567866265715259,
                0.05776353859048339
            ],
            [
                0.5346098460221529,
                -0.1086458018690678,
                -0.8380861544449933
            ],
            [
                -0.7955938585187701,
                0.26973216521228366,
                -0.5424711709732679
            ]
        ],
        "t": [
            40.627954125314716,
            -16.7633761255929,
            897.5963829143707
        ]
    },
    "01_0152": {
        "R": [
            [
                0.39624222589484237,
                0.9181333573918643,
                0.004820421376145578
            ],
            [
                0.4043951365813706,
                -0.1698080138448947,
                -0.8986822641753794
            ],
            [
                -0.8242916182560848,
                0.35804521568985537,
                -0.4385737698430787
            ]
        ],
        "t": [
            16.671303662663885,
            -28.363424405365336,
            930.0491050352886
        ]
    },
    "01_0153": {
        "R": [
            [
                0.3286829368415337,
                0.9431766206726253,
                0.04884044682218591
            ],
            [
                0.3036030694004495,
                -0.056549399810056744,
                -0.9511189944648083
            ],
            [
                -0.8943113011026137,
                0.3274446939525649,
                -0.3049381398291482
            ]
        ],
        "t": [
            -31.47294814682025,
            -11.756694608320984,
            837.7128157964122
        ]
    },
    "01_0157": {
        "R": [
            [
                0.471943129020025,
                0.8716101028272492,
                -0.13253494490231654
            ],
            [
                0.3297748250048105,
                -0.313941881608849,
                -0.890330870949077
            ],
            [
                -0.8176296519597578,
                0.37647884883664784,
                -0.4355977830691955
            ]
        ],
        "t": [
            -98.6611167755082,
            -104.09501197512336,
            699.9083106104126
        ]
    },
    "01_0160": {
        "R": [
            [
                0.20450354833474016,
                0.9743314025126103,
                0.09410959991579093
            ],
            [
                0.5543980227108664,
                -0.03605242983739598,
                -0.8314704172230671
            ],
            [
                -0.8067348580127068,
                0.22221282676890924,
                -0.5475402528459332
            ]
        ],
        "t": [
            -23.478923004840745,
            64.60249278486938,
            789.8181725558031
        ]
    },
    "01_0174": {
        "R": [
            [
                0.5989240229606811,
                0.7996789390675367,
                0.04246891960495244
            ],
            [
                0.6261488227704932,
                -0.43457782597335626,
                -0.6473637037364672
            ],
            [
                -0.499227069041452,
                0.4143135377755473,
                -0.7609971261129646
            ]
        ],
        "t": [
            -101.7079494023076,
            -37.91666483459068,
            754.2207396198935
        ]
    },
    "01_0176": {
        "R": [
            [
                0.7006349597938313,
                0.7111121937674166,
                -0.05856706403764092
            ],
            [
                0.5616729244258626,
                -0.6002901680171682,
                -0.5693638908016732
            ],
            [
                -0.44003883815135725,
                0.3660207126068309,
                -0.8199967432015761
            ]
        ],
        "t": [
            -83.23426467656681,
            -103.8622308237034,
            665.6652546377754
        ]
    },
    "01_0180": {
        "R": [
            [
                0.6349523123001444,
                0.7724692033901323,
                -0.011264586921603426
            ],
            [
                0.5453651352741254,
                -0.45851007611470856,
                -0.7016732710661844
            ],
            [
                -0.5471859193474689,
                0.43938575297237237,
                -0.7124098046439049
            ]
        ],
        "t": [
            -99.08966796076183,
            -105.67296697728491,
            712.179472998676
        ]
    },
    "01_0182": {
        "R": [
            [
                0.4767761730893968,
                0.8759281127323401,
                0.07371853294383315
            ],
            [
                0.7139872392243721,
                -0.3369781344682746,
                -0.6137328075922296
            ],
            [
                -0.5127442861690311,
                0.3452472711194725,
                -0.7860646403353659
            ]
        ],
        "t": [
            -96.6193914376055,
            -88.05209626960279,
            699.567623410877
        ]
    },
    "01_0190": {
        "R": [
            [
                0.8264538699199082,
                0.5547649751714688,
                0.09596782386512763
            ],
            [
                0.5457217173299241,
                -0.7474499905938851,
                -0.3788222786422147
            ],
            [
                -0.13842618296004214,
                0.365450863843829,
                -0.9204802322629814
            ]
        ],
        "t": [
            -49.43698541101898,
            -34.52850812624783,
            736.5910633163521
        ]
    },
    "01_0191": {
        "R": [
            [
                0.8666421447943159,
                0.48624582360352486,
                0.11178726177180814
            ],
            [
                0.4717841414413311,
                -0.7257578431705938,
                -0.5006947942218235
            ],
            [
                -0.16233027059293392,
                0.4866626676708393,
                -0.8583754022248815
            ]
        ],
        "t": [
            -61.21897170602979,
            -52.81194981472014,
            732.120567371029
        ]
    },
    "01_0193": {
        "R": [
            [
                0.8655988249385245,
                0.4877206006301491,
                0.11343407771041322
            ],
            [
                0.4464940212921644,
                -0.649217074601267,
                -0.615759919933512
            ],
            [
                -0.22667545790269775,
                0.5836487006471782,
                -0.7797258691472682
            ]
        ],
        "t": [
            -65.59282229768654,
            -69.76242539359458,
            744.5562963097486
        ]
    },
    "01_0194": {
        "R": [
            [
                0.8445345069953215,
                0.5270707255332067,
                0.09464627187622326
            ],
            [
                0.4615307611192429,
                -0.626784814373024,
                -0.6277978599932196
            ],
            [
                -0.27157102760578333,
                0.5738791220782239,
                -0.7726007573176885
            ]
        ],
        "t": [
            -97.5994932842053,
            -63.19966965946617,
            758.2263102330861
        ]
    },
    "01_0199": {
        "R": [
            [
                0.6002072173148082,
                0.7974316446588641,
                0.06208114351293226
            ],
            [
                0.3432171832613409,
                -0.18666739813438515,
                -0.9205200962433627
            ],
            [
                -0.7224633287561143,
                0.5738101206587402,
                -0.38573136252090867
            ]
        ],
        "t": [
            -16.890052880260782,
            -45.32765035990832,
            816.6245264377853
        ]
    },
    "01_0203": {
        "R": [
            [
                -0.387895695871985,
                0.9136282066851341,
                0.12173918462555305
            ],
            [
                0.30163118496845864,
                0.25063615899823377,
                -0.9198913762271803
            ],
            [
                -0.8709509500416841,
                -0.3201015709925806,
                -0.3727994459083461
            ]
        ],
        "t": [
            -10.326792584497234,
            -97.74195416517355,
            810.3889977666195
        ]
    },
    "01_0211": {
        "R": [
            [
                -0.3357905510436971,
                0.8780807274556205,
                0.3409089935756736
            ],
            [
                0.6427044748348772,
                0.4781697033959206,
                -0.5985688705416298
            ],
            [
                -0.6886041416205649,
                0.018109964805762546,
                -0.7249112809977089
            ]
        ],
        "t": [
            -142.62713967177768,
            -37.348114882702404,
            698.0417339554334
        ]
    },
    "01_0212": {
        "R": [
            [
                -0.36207155115911965,
                0.7675561858765818,
                0.528925035675022
            ],
            [
                0.19689875320424183,
                0.6175974717980172,
                -0.7614487795087156
            ],
            [
                -0.9111174857436576,
                -0.17155426066201818,
                -0.37474533061916093
            ]
        ],
        "t": [
            -92.46273589209386,
            -102.65287578023049,
            942.8496255508234
        ]
    },
    "01_0217": {
        "R": [
            [
                -0.28629711001517066,
                0.9036220485167259,
                0.31859246417860687
            ],
            [
                0.1032250588023666,
                0.35966485212517374,
                -0.9273541833523073
            ],
            [
                -0.9525641983783608,
                -0.2326120968054166,
                -0.19624744683072515
            ]
        ],
        "t": [
            -107.27836679896829,
            -15.904095198928513,
            939.0869584703905
        ]
    },
    "01_0221": {
        "R": [
            [
                0.5998735858628541,
                0.6245939636930751,
                -0.500034060342108
            ],
            [
                -0.0037593859672632735,
                -0.6227612727537356,
                -0.7824028784298385
            ],
            [
                -0.8000859628822333,
                0.4712226413027296,
                -0.37122994804095305
            ]
        ],
        "t": [
            3.4105042643440218,
            -39.90063113260892,
            736.149146035025
        ]
    },
    "01_0229": {
        "R": [
            [
                0.8451993433988745,
                0.48274896365245845,
                -0.22932838465961775
            ],
            [
                0.3355571931797192,
                -0.813301216498944,
                -0.47533409445008945
            ],
            [
                -0.4159800957058653,
                0.3247992754514937,
                -0.8493915414240502
            ]
        ],
        "t": [
            36.59042903321977,
            36.95344254296447,
            911.9277634264354
        ]
    },
    "01_0234": {
        "R": [
            [
                0.8861436915634214,
                0.31194716552175333,
                -0.34269275426436363
            ],
            [
                0.023625512571436247,
                -0.7689509826318114,
                -0.6388710522987472
            ],
            [
                -0.4628079440308783,
                0.5580352607430067,
                -0.6887709740613318
            ]
        ],
        "t": [
            -133.13534413041722,
            -115.41926565193896,
            865.5048059439426
        ]
    },
    "01_0239": {
        "R": [
            [
                0.552138170663746,
                0.7650153148910165,
                -0.3315041605746315
            ],
            [
                0.11233292019772967,
                -0.46223714389013254,
                -0.8796124930036768
            ],
            [
                -0.8261505646889934,
                0.4484288023649816,
                -0.34115517535802603
            ]
        ],
        "t": [
            -39.27098907745322,
            -70.292937132298,
            952.4235717235384
        ]
    },
    "01_0240": {
        "R": [
            [
                0.5846643298184708,
                0.6564739790959404,
                -0.47666501466738775
            ],
            [
                -0.15503237407002796,
                -0.48631371934474005,
                -0.8599208855280214
            ],
            [
                -0.7963244215946973,
                0.5766635770941564,
                -0.18255556530777878
            ]
        ],
        "t": [
            -69.17648968543871,
            25.81000394653793,
            904.11815561836
        ]
    },
    "01_0243": {
        "R": [
            [
                -0.29484506500674074,
                0.9379418598839782,
                0.1825690420595844
            ],
            [
                0.4227709559847023,
                0.29939265940397,
                -0.8553529998023033
            ],
            [
                -0.8569312145189667,
                -0.17501172238567902,
                -0.4848090248857239
            ]
        ],
        "t": [
            -48.48905951383618,
            -66.36577030747802,
            1024.1856940878183
        ]
    },
    "01_0245": {
        "R": [
            [
                -0.2847008902913198,
                0.956709877808216,
                0.060428575785951455
            ],
            [
                0.3076100881572642,
                0.15087953538156162,
                -0.9394740014853655
            ],
            [
                -0.9079214926034134,
                -0.248880645103698,
                -0.33724914790338173
            ]
        ],
        "t": [
            -79.25333366679654,
            -55.4420408353991,
            1059.296786285244
        ]
    },
    "01_0249": {
        "R": [
            [
                0.6318450937040077,
                0.7727331490493479,
                -0.060458729083994744
            ],
            [
                0.1439552589279916,
                -0.19363716611768841,
                -0.9704542912084451
            ],
            [
                -0.7616092574208565,
                0.6044734305643127,
                -0.23358769392385054
            ]
        ],
        "t": [
            -109.31461227426946,
            -8.678009969779998,
            962.1100431973899
        ]
    },
    "01_0260": {
        "R": [
            [
                0.8138059075149846,
                0.5733111901248285,
                0.09504853587176021
            ],
            [
                0.4871151945121484,
                -0.583760550754659,
                -0.6495709404353068
            ],
            [
                -0.3169207032825471,
                0.5749242547155843,
                -0.7543363766719896
            ]
        ],
        "t": [
            -108.83492318959998,
            50.09977928370962,
            992.3728634731257
        ]
    },
    "01_0263": {
        "R": [
            [
                0.7437665952113347,
                0.668244210374823,
                0.016153239559544508
            ],
            [
                0.46021132197899056,
                -0.4943974181934624,
                -0.7374121859624971
            ],
            [
                -0.4847853039955816,
                0.5558964545526153,
                -0.6752498358724298
            ]
        ],
        "t": [
            -124.73954495310268,
            26.39670533362965,
            1017.1202288273242
        ]
    },
    "01_0264": {
        "R": [
            [
                0.7831238706523417,
                0.6217186051215734,
                -0.013526982670939491
            ],
            [
                0.34265483988109446,
                -0.44955995027627027,
                -0.8249142451271277
            ],
            [
                -0.518945723482289,
                0.6413749505190255,
                -0.565096017439657
            ]
        ],
        "t": [
            -123.3706847459733,
            80.47816212129078,
            1020.5988252578175
        ]
    },
    "01_0265": {
        "R": [
            [
                0.7012560579840519,
                0.7124711895231042,
                -0.024994904284677988
            ],
            [
                0.38792561847290624,
                -0.4107652676712886,
                -0.8250973332930773
            ],
            [
                -0.5981251170725741,
                0.5689083396949524,
                -0.5644374592038094
            ]
        ],
        "t": [
            -100.36554224458908,
            49.63817849816975,
            1069.5115513216958
        ]
    },
    "01_0272": {
        "R": [
            [
                -0.05905309753915944,
                0.9234801754549269,
                0.37907399965279637
            ],
            [
                0.19401976488355066,
                0.3831130731845789,
                -0.9030950691868491
            ],
            [
                -0.9792185979165033,
                0.02021728707827758,
                -0.20179742019568098
            ]
        ],
        "t": [
            -116.05466924336862,
            10.302778912496922,
            698.1383109734961
        ]
    },
    "01_0277": {
        "R": [
            [
                0.3874609739689415,
                0.890827268831448,
                -0.237277834525988
            ],
            [
                0.7078015532012534,
                -0.4523708617112449,
                -0.5425657239086513
            ],
            [
                -0.5906699204606007,
                0.042277424010085496,
                -0.8058049791867378
            ]
        ],
        "t": [
            -40.39390807869381,
            -12.086187964726497,
            708.0865894579894
        ]
    },
    "01_0287": {
        "R": [
            [
                0.3802446544146235,
                0.9157068647745095,
                -0.12998053928932018
            ],
            [
                0.543345212688336,
                -0.3348949517854675,
                -0.7698190379025948
            ],
            [
                -0.7484584040798601,
                0.22209527026356957,
                -0.6248869564079419
            ]
        ],
        "t": [
            -59.11572951207052,
            -66.7475925565156,
            699.3445208887205
        ]
    },
    "01_0293": {
        "R": [
            [
                0.14986925346689128,
                0.9826259546757696,
                0.10947803461338368
            ],
            [
                0.7366488743157602,
                -0.03712025776133798,
                -0.6752558940379975
            ],
            [
                -0.659460114665474,
                0.18184696769884365,
                -0.729413488704545
            ]
        ],
        "t": [
            -65.8309172291972,
            -70.14320326355008,
            705.6849230658208
        ]
    },
    "01_0305": {
        "R": [
            [
                0.9984449533263632,
                0.04869056080961263,
                0.02714598432844869
            ],
            [
                0.05520233883924431,
                -0.7956821716285232,
                -0.6031936534307986
            ],
            [
                -0.007770261500890802,
                0.6037541809714965,
                -0.7971326815503458
            ]
        ],
        "t": [
            -38.10476957614227,
            17.8715387204211,
            1029.8754126801944
        ]
    },
    "01_0317": {
        "R": [
            [
                0.9896288897433032,
                -0.14286088164107683,
                -0.015014295926601438
            ],
            [
                -0.1422946032311266,
                -0.9606251934643644,
                -0.23864509962043795
            ],
            [
                0.01966993840187565,
                0.23830653826172443,
                -0.9709907761379506
            ]
        ],
        "t": [
            -10.240149687145504,
            154.56811646918035,
            1036.9373343559369
        ]
    },
    "01_0322": {
        "R": [
            [
                0.9807559317314404,
                -0.1883868430243595,
                -0.05126597067167585
            ],
            [
                -0.1807194536517225,
                -0.7766045963257046,
                -0.6035112095376625
            ],
            [
                0.07388018303589075,
                0.6011619568311892,
                -0.7957047318028707
            ]
        ],
        "t": [
            104.58453483137775,
            50.05629345596322,
            1014.5365117000326
        ]
    },
    "01_0325": {
        "R": [
            [
                0.9430629286287211,
                -0.16179800170839198,
                -0.29060922092974173
            ],
            [
                -0.3297999583074217,
                -0.5682837771716625,
                -0.7538471569913436
            ],
            [
                -0.04317754215611594,
                0.8067682165570726,
                -0.5892883374093512
            ]
        ],
        "t": [
            119.70131473664527,
            33.798515254390445,
            1061.8086631362817
        ]
    },
    "01_0326": {
        "R": [
            [
                0.9411885797654539,
                -0.027840426661880607,
                -0.3367327842108233
            ],
            [
                -0.30668013589552234,
                -0.4886788314679685,
                -0.8167865657086953
            ],
            [
                -0.1418144970240785,
                0.8720194437731222,
                -0.46847704118283356
            ]
        ],
        "t": [
            180.24315064680567,
            37.59861051517788,
            1061.2915881396245
        ]
    },
    "01_0328": {
        "R": [
            [
                0.8913367911595174,
                -0.0208709460891843,
                -0.45286104749116857
            ],
            [
                -0.4251339417462022,
                -0.3853490459307725,
                -0.8190038121862316
            ],
            [
                -0.15741618817895692,
                0.9225348320847219,
                -0.3523487296551834
            ]
        ],
        "t": [
            176.1093833812768,
            -2.360275123190892,
            1017.1399771667031
        ]
    },
    "01_0332": {
        "R": [
            [
                0.9324768244164616,
                0.08968779639985544,
                -0.3499186635535875
            ],
            [
                -0.28766907806943565,
                -0.40151073221579425,
                -0.8695030957036425
            ],
            [
                -0.21847991543588532,
                0.911452264845765,
                -0.3485990468412866
            ]
        ],
        "t": [
            37.98364299559982,
            66.10796240780589,
            1054.482996237618
        ]
    },
    "01_0334": {
        "R": [
            [
                0.7395528927308637,
                0.41541451448250244,
                0.5296152377062786
            ],
            [
                0.5975754679658883,
                -0.04308974465059959,
                -0.8006540039188559
            ],
            [
                -0.30978230895059317,
                0.9086110581889328,
                -0.280108668195089
            ]
        ],
        "t": [
            -120.58461101585506,
            190.42620490042992,
            1054.0052291243992
        ]
    },
    "01_0335": {
        "R": [
            [
                0.7761900029289818,
                0.5338903520616703,
                0.33539554458664683
            ],
            [
                0.5654693529338038,
                -0.35417768679617034,
                -0.7448507079061811
            ],
            [
                -0.2788789885339749,
                0.7678015747256447,
                -0.5768078116696127
            ]
        ],
        "t": [
            -94.23541649083627,
            73.23236084539859,
            1035.6944344340334
        ]
    },
    "01_0340": {
        "R": [
            [
                0.5350186121937182,
                0.7660284239418909,
                0.3563082069212131
            ],
            [
                0.7090471581309292,
                -0.17782496786122232,
                -0.6823711661197357
            ],
